0 0.073470 0.468818 0.037818 0.060199
0 0.203233 0.677999 0.031178 0.038545
0 0.379330 0.481377 0.038684 0.035080
0 0.480370 0.446297 0.040993 0.051537
0 0.576934 0.407319 0.038972 0.060199
0 0.719544 0.313123 0.037818 0.048506
0 0.446882 0.531399 0.043303 0.038112
2 0.049509 0.554786 0.052252 0.128194
2 0.384815 0.584669 0.051963 0.111737
2 0.261692 0.725422 0.063222 0.086618
2 0.452512 0.637072 0.049942 0.113469
2 0.504763 0.548073 0.076501 0.118233
2 0.640300 0.492204 0.072171 0.139887
2 0.740618 0.424859 0.077656 0.128194
